[3.52678097e-199 1.00000000e+000]
[1.04321112e-226 1.00000000e+000]
[4.35088276e-214 1.00000000e+000]
[4.3289048e-233 1.0000000e+000]
[2.85973336e-220 1.00000000e+000]
[1.03664265e-215 1.00000000e+000]
[0.87448013 0.12551987]
[1.00000000e+00 1.00962945e-15]
[9.99999998e-01 1.95335550e-09]
[5.33057176e-04 9.99466943e-01]
[2.52463659e-05 9.99974754e-01]
[1.00000000e+00 3.10861776e-13]
[7.16951186e-06 9.99992830e-01]
[9.99961496e-01 3.85043123e-05]
[1.00000000e+00 3.95279263e-14]
[1.00000000e+00 1.26683591e-18]
[1.40929681e-211 1.00000000e+000]
[7.84264477e-222 1.00000000e+000]
[2.1480566e-220 1.0000000e+000]
[2.26886698e-229 1.00000000e+000]
[0.97603441 0.02396559]
[1.64371409e-16 1.00000000e+00]
[9.99999987e-01 1.34209059e-08]
[8.72010972e-198 1.00000000e+000]
[1.00000000e+00 4.55489769e-12]
[4.00557653e-11 1.00000000e+00]
[1.90705395e-13 1.00000000e+00]
[1.57942538e-20 1.00000000e+00]
[1.00000000e+00 2.72053001e-11]
[2.52427423e-11 1.00000000e+00]
[1.80490408e-12 1.00000000e+00]
[0.20291631 0.79708369]
[1.96105517e-202 1.00000000e+000]
[3.95351955e-220 1.00000000e+000]
[1.00000000e+00 9.26569509e-18]
[7.68513696e-07 9.99999231e-01]
[2.66631974e-04 9.99733368e-01]
[1.00000000e+00 3.08939473e-10]
[1.84581266e-17 1.00000000e+00]
[1.0000000e+00 1.4934623e-15]
[6.19766612e-201 1.00000000e+000]
[1.13748109e-219 1.00000000e+000]
[1.53909229e-221 1.00000000e+000]
[8.14502179e-18 1.00000000e+00]
[6.93408817e-16 1.00000000e+00]
[5.80639112e-220 1.00000000e+000]
[7.25562747e-206 1.00000000e+000]
[1.64536013e-197 1.00000000e+000]
[1.21658759e-242 1.00000000e+000]
[1.60484474e-217 1.00000000e+000]
[6.480947e-216 1.000000e+000]
[4.11815019e-225 1.00000000e+000]
[9.99935139e-01 6.48612765e-05]
[2.07030796e-212 1.00000000e+000]
[9.99997116e-01 2.88366085e-06]
[9.99994515e-01 5.48520722e-06]
[4.45575482e-04 9.99554425e-01]
[6.3963761e-223 1.0000000e+000]
[9.99999856e-01 1.43654209e-07]
[0.39443846 0.60556154]
[9.17276129e-229 1.00000000e+000]
[6.71123723e-17 1.00000000e+00]
[4.98294795e-10 1.00000000e+00]
[1.00000000e+00 7.27835284e-14]
[9.80623951e-251 1.00000000e+000]
[0.02012028 0.97987972]
[1.00000000e+00 9.91078229e-17]
[6.42421649e-09 9.99999994e-01]
[6.44360821e-08 9.99999936e-01]
[1.00000000e+00 2.07293907e-12]
[9.99992842e-01 7.15761227e-06]
[1.3595437e-212 1.0000000e+000]
[2.61304115e-188 1.00000000e+000]
[4.5301167e-221 1.0000000e+000]
[2.65938166e-187 1.00000000e+000]
[5.3869694e-228 1.0000000e+000]
[1.29684687e-231 1.00000000e+000]
[1.56901871e-225 1.00000000e+000]
[2.84085121e-201 1.00000000e+000]
[2.25034957e-212 1.00000000e+000]
[1.32907826e-211 1.00000000e+000]
[0.00960512 0.99039488]
[8.13969821e-08 9.99999919e-01]
[9.99998848e-01 1.15158734e-06]
[9.99610716e-01 3.89283579e-04]
[2.28348080e-09 9.99999998e-01]
[1.99640255e-219 1.00000000e+000]
[7.73150987e-203 1.00000000e+000]
[9.73735506e-236 1.00000000e+000]
[8.03428272e-234 1.00000000e+000]
[4.65003603e-204 1.00000000e+000]
[6.48795381e-217 1.00000000e+000]
[2.64828847e-193 1.00000000e+000]
[2.77671407e-216 1.00000000e+000]
[3.40371927e-212 1.00000000e+000]
[4.26257522e-215 1.00000000e+000]
[1.72015797e-06 9.99998280e-01]
[0.03912584 0.96087416]
[1.00000000e+00 1.40864431e-17]
[1.83715662e-235 1.00000000e+000]
[3.31143846e-218 1.00000000e+000]
[2.09827426e-223 1.00000000e+000]
[2.59885946e-213 1.00000000e+000]
[6.56769735e-208 1.00000000e+000]
[2.24509141e-217 1.00000000e+000]
[1.22154917e-224 1.00000000e+000]
[2.36070973e-196 1.00000000e+000]
[1.34158632e-248 1.00000000e+000]
[6.28327286e-222 1.00000000e+000]
[3.6764612e-198 1.0000000e+000]
[1.0000000e+00 3.8082496e-15]
[2.26873413e-207 1.00000000e+000]
[8.8505904e-190 1.0000000e+000]
[2.68364243e-196 1.00000000e+000]
[9.99999997e-01 3.40659854e-09]
[1.00000000e+00 2.66225389e-16]
[9.99999996e-01 3.67061648e-09]
[0.00501979 0.99498021]
[2.43745482e-20 1.00000000e+00]
[2.10595955e-16 1.00000000e+00]
[1.30821858e-233 1.00000000e+000]
[3.25553315e-214 1.00000000e+000]
[4.8721979e-223 1.0000000e+000]
[7.62629761e-221 1.00000000e+000]
[1.27169571e-05 9.99987283e-01]
[9.99999999e-01 5.46020000e-10]
[0.30226725 0.69773275]
[1.77504782e-14 1.00000000e+00]
[9.99999772e-01 2.28490549e-07]
[1.00000000e+00 4.63601464e-18]
[9.99999998e-01 2.17722551e-09]
[0.00399634 0.99600366]
[9.99998848e-01 1.15156072e-06]
[2.94791999e-227 1.00000000e+000]
[1.69850937e-230 1.00000000e+000]
[4.33674831e-213 1.00000000e+000]
[0.99881907 0.00118093]
[9.99999995e-01 4.98548566e-09]
[1.39809008e-05 9.99986019e-01]
[4.32664253e-233 1.00000000e+000]
[1.11833436e-223 1.00000000e+000]
[7.39924548e-231 1.00000000e+000]
[3.75191767e-07 9.99999625e-01]
[1.06169387e-10 1.00000000e+00]
[2.75018998e-04 9.99724981e-01]
[0.85336269 0.14663731]
[1.00000000e+00 8.31359662e-12]
[1.00000000e+00 1.24650144e-11]
[1.00000000e+00 1.93338503e-17]
[2.66246559e-209 1.00000000e+000]
[3.50272756e-05 9.99964973e-01]
[7.94760791e-216 1.00000000e+000]
[7.88374244e-199 1.00000000e+000]
[7.49509708e-215 1.00000000e+000]
[2.43023754e-213 1.00000000e+000]
[5.56502508e-216 1.00000000e+000]
[1.07407521e-230 1.00000000e+000]
[3.63866445e-227 1.00000000e+000]
[1.40508218e-205 1.00000000e+000]
[8.92559174e-238 1.00000000e+000]
[1.60952303e-246 1.00000000e+000]
[1.50317185e-220 1.00000000e+000]
[2.98174072e-239 1.00000000e+000]
[1.00000000e+00 2.73919956e-14]
[9.99999846e-01 1.54003106e-07]
[2.79679638e-09 9.99999997e-01]
[0.65720654 0.34279346]
[9.99998508e-01 1.49242641e-06]
[1.00000000e+00 3.30696505e-17]
[4.7222075e-13 1.0000000e+00]
[1.00000000e+00 6.14382242e-16]
[1.00000000e+00 8.61710787e-11]
[0.01245593 0.98754407]
[4.59375105e-214 1.00000000e+000]
[5.81643577e-217 1.00000000e+000]
[7.89321572e-236 1.00000000e+000]
[4.45544558e-202 1.00000000e+000]
[3.49257358e-231 1.00000000e+000]
[3.80244021e-231 1.00000000e+000]
[2.27116772e-215 1.00000000e+000]
[2.08922355e-216 1.00000000e+000]
[1.30252313e-214 1.00000000e+000]
[2.12178322e-235 1.00000000e+000]
[0.99354243 0.00645757]
[0.05450484 0.94549516]
[3.89120781e-04 9.99610879e-01]
[1.00000000e+00 2.81570852e-11]
[8.50289815e-13 1.00000000e+00]
[2.00324915e-219 1.00000000e+000]
[2.60743308e-199 1.00000000e+000]
[4.4760092e-206 1.0000000e+000]
[1.00000000e+00 4.78409621e-10]
[3.03534914e-14 1.00000000e+00]
[0.14624764 0.85375236]
[0.81657336 0.18342664]
[1.00000000e+00 2.56369434e-21]
[1.00000000e+00 2.49123428e-10]
[4.51075822e-14 1.00000000e+00]
[0.66666544 0.33333456]
[1.00000000e+00 3.61812129e-16]
[1.00000000e+00 2.16237531e-14]
[6.38890238e-201 1.00000000e+000]
[8.07683558e-213 1.00000000e+000]
[5.9810423e-215 1.0000000e+000]
[9.99999903e-01 9.66346462e-08]
[3.03287147e-198 1.00000000e+000]
[1.65386239e-217 1.00000000e+000]
[4.85131e-239 1.00000e+000]
[1.87006984e-203 1.00000000e+000]
[7.29872059e-210 1.00000000e+000]
[7.94824829e-200 1.00000000e+000]
[4.08604525e-237 1.00000000e+000]
[2.34814367e-229 1.00000000e+000]
[2.08227722e-217 1.00000000e+000]
[2.13253082e-208 1.00000000e+000]
[4.10204455e-226 1.00000000e+000]
[6.10792976e-201 1.00000000e+000]
[5.17375955e-07 9.99999483e-01]
[9.99925814e-01 7.41859163e-05]
[0.79079642 0.20920358]
[0.00348099 0.99651901]
[1.00000000e+00 8.59519575e-11]
[4.04022390e-07 9.99999596e-01]
[9.99999804e-01 1.95818279e-07]
[8.38261046e-242 1.00000000e+000]
[9.17006438e-230 1.00000000e+000]
[1.70620654e-210 1.00000000e+000]
[1.4145024e-195 1.0000000e+000]
[2.16251746e-186 1.00000000e+000]
[1.93094549e-213 1.00000000e+000]
[4.25750127e-217 1.00000000e+000]
[3.57974312e-236 1.00000000e+000]
[2.62962938e-222 1.00000000e+000]
[5.41986085e-236 1.00000000e+000]
[4.05194324e-211 1.00000000e+000]
[5.29293267e-215 1.00000000e+000]
[0.79252308 0.20747692]
[9.99998005e-01 1.99462188e-06]
[1.30852604e-214 1.00000000e+000]
[6.71170323e-218 1.00000000e+000]
[5.23764103e-218 1.00000000e+000]
[9.38523803e-203 1.00000000e+000]
[0.0476847 0.9523153]
[2.75730706e-14 1.00000000e+00]
[2.6831187e-16 1.0000000e+00]
[6.87378912e-08 9.99999931e-01]
[1.00000000e+00 9.62807438e-12]
[9.99999989e-01 1.05267624e-08]
[1.94837518e-11 1.00000000e+00]
[1.00000000e+00 2.02798793e-14]
[0.03827533 0.96172467]
[0.98021348 0.01978652]
[0.99475032 0.00524968]
[0.25409023 0.74590977]
[9.99834224e-01 1.65775702e-04]
[1.00000000e+00 2.40884703e-12]
[1.00000000e+00 6.50991689e-22]
[1.00000000e+00 5.49588908e-12]
[9.99824241e-01 1.75759353e-04]
[9.99999840e-01 1.59540598e-07]
[0.98643098 0.01356902]
[4.42016276e-17 1.00000000e+00]
[1.28607664e-06 9.99998714e-01]
[9.99999984e-01 1.58840879e-08]
[2.80876468e-229 1.00000000e+000]
[0.02345823 0.97654177]
[1.00000000e+00 9.08895024e-15]
[9.99999990e-01 1.03853169e-08]
[6.66813155e-220 1.00000000e+000]
[2.3658096e-214 1.0000000e+000]
[0.01499084 0.98500916]
[3.32724783e-09 9.99999997e-01]
[7.29472256e-05 9.99927053e-01]
[8.92109537e-11 1.00000000e+00]
[9.99999957e-01 4.26714839e-08]
[9.99997812e-01 2.18848023e-06]
[0.9755282 0.0244718]
[1.08010205e-15 1.00000000e+00]
[1.81186460e-08 9.99999982e-01]
[3.36273009e-09 9.99999997e-01]
[0.33344143 0.66655857]
[0.02155055 0.97844945]
[5.87991546e-04 9.99412008e-01]
[1.0000000e+00 2.7516151e-15]
[3.62793412e-07 9.99999637e-01]
[5.69387512e-198 1.00000000e+000]
[8.28400824e-10 9.99999999e-01]
[8.75712357e-17 1.00000000e+00]
[6.41615984e-10 9.99999999e-01]
[0.00655956 0.99344044]
[1.40214272e-225 1.00000000e+000]
[3.05450545e-225 1.00000000e+000]
[9.13695069e-239 1.00000000e+000]
[3.27264142e-221 1.00000000e+000]
[0.00436632 0.99563368]
[1.00000000e+00 2.89991807e-15]
[1.35368854e-223 1.00000000e+000]
[1.52833493e-214 1.00000000e+000]
[2.47604337e-15 1.00000000e+00]
[8.83795587e-226 1.00000000e+000]
[1.40159196e-241 1.00000000e+000]
[1.16766672e-221 1.00000000e+000]
[8.02840154e-240 1.00000000e+000]
[2.81149235e-208 1.00000000e+000]
[1.22571843e-231 1.00000000e+000]
[1.96838385e-245 1.00000000e+000]
[1.18303384e-227 1.00000000e+000]
[2.89294835e-220 1.00000000e+000]
[3.71696914e-209 1.00000000e+000]
[1.54387274e-228 1.00000000e+000]
[8.03072654e-242 1.00000000e+000]
[0.99640274 0.00359726]
[2.96106927e-232 1.00000000e+000]
[9.33374566e-210 1.00000000e+000]
[7.44510778e-191 1.00000000e+000]
[7.74993083e-220 1.00000000e+000]
[4.06354161e-237 1.00000000e+000]
[1.26181518e-195 1.00000000e+000]
[3.75861482e-232 1.00000000e+000]
[6.10525197e-238 1.00000000e+000]
[2.52841518e-214 1.00000000e+000]
[2.02130475e-210 1.00000000e+000]
[4.50308585e-214 1.00000000e+000]
[1.00000000e+00 3.55011783e-10]
[0.68191212 0.31808788]
[2.43773927e-06 9.99997562e-01]
[9.82217820e-05 9.99901778e-01]
[1.22696944e-231 1.00000000e+000]
[3.06234241e-222 1.00000000e+000]
[1.52099140e-04 9.99847901e-01]
[9.9423274e-13 1.0000000e+00]
[9.01183890e-04 9.99098816e-01]
[0.01580669 0.98419331]
[3.42881782e-19 1.00000000e+00]
[1.04852471e-05 9.99989515e-01]
[3.84666121e-05 9.99961533e-01]
[0.94768468 0.05231532]
[9.53713374e-05 9.99904629e-01]
[0.94225316 0.05774684]
[1.00000000e+00 5.41000841e-14]
[1.00000000e+00 5.80136417e-14]
[2.20751775e-225 1.00000000e+000]
[5.89190562e-197 1.00000000e+000]
[1.34756346e-209 1.00000000e+000]
[1.00000000e+00 2.29401971e-17]
[1.00000000e+00 3.90952042e-12]
[2.43331947e-06 9.99997567e-01]
[1.00000000e+00 3.62285281e-17]
[1.1278483e-239 1.0000000e+000]
[2.78485721e-214 1.00000000e+000]
[2.10838593e-05 9.99978916e-01]
[5.23808839e-211 1.00000000e+000]
[1.00000000e+00 3.14810546e-10]
[0.98810925 0.01189075]
[4.39027731e-208 1.00000000e+000]
[3.55504891e-194 1.00000000e+000]
[0.97638289 0.02361711]
[1.00000000e+00 3.00413717e-17]
[1.00000000e+00 2.44896757e-12]
[7.56304457e-04 9.99243696e-01]
[2.38597567e-09 9.99999998e-01]
[0.87445185 0.12554815]
[3.77161269e-07 9.99999623e-01]
[7.79668773e-15 1.00000000e+00]
[1.0000000e+00 3.6190177e-14]
[5.12610951e-11 1.00000000e+00]
[1.51211541e-05 9.99984879e-01]
[0.97223024 0.02776976]
[9.99999998e-01 1.67997274e-09]
[3.00461292e-23 1.00000000e+00]
[1.68576795e-204 1.00000000e+000]
[2.63498735e-223 1.00000000e+000]
[6.99004495e-224 1.00000000e+000]
[4.66669136e-227 1.00000000e+000]
[5.28250339e-208 1.00000000e+000]
[7.36062813e-215 1.00000000e+000]
[7.83532489e-230 1.00000000e+000]
[1.00000000e+00 1.74233745e-17]
[0.00136834 0.99863166]
[9.99999910e-01 9.01363025e-08]
[9.96499624e-216 1.00000000e+000]
[1.7839728e-227 1.0000000e+000]
[9.99999999e-01 8.62229713e-10]
[9.99999999e-01 9.70964061e-10]
[1.83662761e-18 1.00000000e+00]
[1.81371896e-207 1.00000000e+000]
[1.32818881e-05 9.99986718e-01]
[4.07772038e-21 1.00000000e+00]
[8.75733215e-08 9.99999912e-01]
[0.99537818 0.00462182]
[9.99999999e-01 5.11994642e-10]
[5.66579293e-05 9.99943342e-01]
[1.00000000e+00 6.41895403e-12]
[2.5729767e-211 1.0000000e+000]
[1.03258217e-228 1.00000000e+000]
[5.01571878e-217 1.00000000e+000]
[4.73456468e-218 1.00000000e+000]
[8.05541724e-222 1.00000000e+000]
[7.4995837e-12 1.0000000e+00]
[4.82426387e-07 9.99999518e-01]
[8.03668586e-15 1.00000000e+00]
[7.67863375e-197 1.00000000e+000]
[3.83388461e-05 9.99961661e-01]
[0.73093659 0.26906341]
[1.45213294e-04 9.99854787e-01]
[2.64255485e-204 1.00000000e+000]
[1.37215759e-208 1.00000000e+000]
[0.99696629 0.00303371]
[9.99999998e-01 2.27994787e-09]
[1.00000000e+00 1.15592478e-11]
[9.99962794e-01 3.72057799e-05]
[3.33972258e-215 1.00000000e+000]
[3.63729835e-212 1.00000000e+000]
[1.99090992e-217 1.00000000e+000]
[3.16493959e-211 1.00000000e+000]
[2.71522962e-203 1.00000000e+000]
[1.73649562e-199 1.00000000e+000]
[0.99882858 0.00117142]
[3.43755893e-10 1.00000000e+00]
[9.99999999e-01 6.59557003e-10]
[3.84386601e-16 1.00000000e+00]
[1.68865874e-209 1.00000000e+000]
[1.68560919e-232 1.00000000e+000]
[8.8625981e-13 1.0000000e+00]
[4.59031413e-13 1.00000000e+00]
[0.00138492 0.99861508]
[1.00000000e+00 3.87920388e-13]
[1.00000000e+00 1.62200272e-11]
[2.81866353e-07 9.99999718e-01]
[1.00000000e+00 3.33498258e-28]
[9.99999762e-01 2.37919743e-07]
[0.14054757 0.85945243]
[0.96031727 0.03968273]
[9.99997848e-01 2.15182115e-06]
[3.99857014e-07 9.99999600e-01]
[9.99998620e-01 1.38040376e-06]
[9.99999999e-01 7.19579279e-10]
[3.54195732e-14 1.00000000e+00]
[0.95928091 0.04071909]
[5.1712161e-223 1.0000000e+000]
[1.67932103e-220 1.00000000e+000]
[7.77934546e-214 1.00000000e+000]
[5.26261672e-213 1.00000000e+000]
[2.27445568e-232 1.00000000e+000]
[3.60012902e-21 1.00000000e+00]
[9.99999965e-01 3.53657211e-08]
[9.99999947e-01 5.28518426e-08]
[0.98815178 0.01184822]
[1.00000000e+00 6.18386553e-14]
[1.04307176e-07 9.99999896e-01]
[8.73563155e-09 9.99999991e-01]
[9.51494046e-16 1.00000000e+00]
[1.80025645e-215 1.00000000e+000]
[0.88403872 0.11596128]
[2.27127305e-11 1.00000000e+00]
[1.24797549e-04 9.99875202e-01]
[6.52359966e-227 1.00000000e+000]
[1.4107621e-224 1.0000000e+000]
[1.12278953e-221 1.00000000e+000]
[1.31709432e-205 1.00000000e+000]
[3.28169251e-225 1.00000000e+000]
[3.09098123e-232 1.00000000e+000]
[5.46283427e-221 1.00000000e+000]
[1.0108254e-205 1.0000000e+000]
[1.64402396e-202 1.00000000e+000]
[0.72098825 0.27901175]
[9.79860908e-07 9.99999020e-01]
[0.98488215 0.01511785]
[0.98172728 0.01827272]
[9.99263532e-01 7.36468453e-04]
[0.89213428 0.10786572]
[2.54270840e-04 9.99745729e-01]
[9.99998063e-01 1.93699440e-06]
[1.00000000e+00 8.30190824e-14]
[1.49173727e-206 1.00000000e+000]
[8.60707222e-231 1.00000000e+000]
[2.31348242e-216 1.00000000e+000]
[0.67068438 0.32931562]
[1.47422629e-07 9.99999853e-01]
[0.00125846 0.99874154]
[1.00000000e+00 4.99298236e-12]
[1.00000000e+00 1.45107905e-20]
[1.46420898e-215 1.00000000e+000]
[1.75787098e-229 1.00000000e+000]
[1.40914962e-232 1.00000000e+000]
[4.84672834e-27 1.00000000e+00]
[5.99126782e-230 1.00000000e+000]
[6.57284158e-225 1.00000000e+000]
[1.89398821e-04 9.99810601e-01]
[9.99995118e-01 4.88167934e-06]
[1.00000000e+00 2.31268057e-10]
[0.44086003 0.55913997]
[1.94983209e-12 1.00000000e+00]
[1.10183594e-07 9.99999890e-01]
[1.38691631e-18 1.00000000e+00]
[8.14360247e-06 9.99991856e-01]
[2.83942302e-12 1.00000000e+00]
[9.99988468e-01 1.15324177e-05]
[5.04278851e-20 1.00000000e+00]
[2.41253066e-05 9.99975875e-01]
[1.00000000e+00 3.28864814e-18]
[0.1256656 0.8743344]
[0.4559381 0.5440619]
[9.99999999e-01 1.34924419e-09]
[3.12313012e-220 1.00000000e+000]
[2.58058516e-06 9.99997419e-01]
[1.91004727e-17 1.00000000e+00]
[2.18700042e-13 1.00000000e+00]
[9.11315804e-08 9.99999909e-01]
[1.00000000e+00 1.30711272e-12]
[0.01367485 0.98632515]
[1.02308186e-227 1.00000000e+000]
[5.59021652e-242 1.00000000e+000]
[4.23263918e-197 1.00000000e+000]
[5.35923126e-217 1.00000000e+000]
[5.80179747e-210 1.00000000e+000]
[2.6674651e-13 1.0000000e+00]
[1.11181226e-219 1.00000000e+000]
[6.57550375e-195 1.00000000e+000]
[3.76401065e-199 1.00000000e+000]
[6.04159587e-214 1.00000000e+000]
[8.00149098e-220 1.00000000e+000]
[1.86016505e-218 1.00000000e+000]
[2.62192178e-221 1.00000000e+000]
[1.50855571e-251 1.00000000e+000]
[5.3215147e-198 1.0000000e+000]
[6.30243488e-210 1.00000000e+000]
[3.25378989e-221 1.00000000e+000]
[2.62439303e-217 1.00000000e+000]
[2.28829734e-225 1.00000000e+000]
[7.17207393e-225 1.00000000e+000]
[2.08972933e-212 1.00000000e+000]
[6.78285244e-217 1.00000000e+000]
[1.00000000e+00 8.96227496e-21]
[9.99999353e-01 6.46938547e-07]
[9.99999992e-01 8.22862032e-09]
[1.05961352e-15 1.00000000e+00]
[4.82319814e-13 1.00000000e+00]
[3.78533663e-242 1.00000000e+000]
[7.12293448e-212 1.00000000e+000]
[2.94045696e-218 1.00000000e+000]
[3.53397289e-226 1.00000000e+000]
[3.56774881e-204 1.00000000e+000]
[3.22289198e-213 1.00000000e+000]
[2.01536119e-208 1.00000000e+000]
[0.36486023 0.63513977]
[1.38931666e-15 1.00000000e+00]
[9.99999999e-01 7.71681512e-10]
[0.69651829 0.30348171]
[2.74349521e-13 1.00000000e+00]
[6.34929417e-224 1.00000000e+000]
[2.83033835e-217 1.00000000e+000]
[1.05069927e-06 9.99998949e-01]
[2.01431129e-05 9.99979857e-01]
[0.01122189 0.98877811]
[0.99392634 0.00607366]
[9.99998981e-01 1.01881913e-06]
[3.54573748e-192 1.00000000e+000]
[7.93509336e-230 1.00000000e+000]
[1.77940297e-205 1.00000000e+000]
[6.4817963e-226 1.0000000e+000]
[2.32741778e-223 1.00000000e+000]
[1.09503075e-217 1.00000000e+000]
[2.68893548e-226 1.00000000e+000]
[1.1939161e-235 1.0000000e+000]
[4.58156709e-229 1.00000000e+000]
[5.68326788e-15 1.00000000e+00]
[7.15821388e-198 1.00000000e+000]
[4.40922428e-232 1.00000000e+000]
[3.06494325e-214 1.00000000e+000]
[4.22912133e-227 1.00000000e+000]
[1.38193311e-226 1.00000000e+000]
[1.90171396e-211 1.00000000e+000]
[1.01715022e-217 1.00000000e+000]
[6.8476533e-241 1.0000000e+000]
[5.795664e-222 1.000000e+000]
[8.24243778e-216 1.00000000e+000]
[1.16397733e-224 1.00000000e+000]
[2.61441323e-223 1.00000000e+000]
[2.24545399e-234 1.00000000e+000]
[1.77550944e-203 1.00000000e+000]
[1.53692871e-241 1.00000000e+000]
[6.07094531e-04 9.99392905e-01]
[8.75170220e-09 9.99999991e-01]
[1.00000000e+00 1.53050615e-22]
[1.00000000e+00 6.29065183e-20]
[2.62241463e-215 1.00000000e+000]
[4.62096111e-208 1.00000000e+000]
[1.00000000e+00 1.18490058e-10]
[3.39005963e-08 9.99999966e-01]
[9.99987482e-01 1.25181066e-05]
[3.26984923e-06 9.99996730e-01]
[0.74409086 0.25590914]
[1.0000000e+00 7.0278181e-12]
[2.86952747e-18 1.00000000e+00]
[1.00000000e+00 6.47315084e-12]
[4.28959044e-06 9.99995710e-01]
[2.59893270e-05 9.99974011e-01]
[4.09984881e-13 1.00000000e+00]
[9.99982962e-01 1.70382029e-05]
[1.00000000e+00 4.95948908e-10]
[8.54789383e-11 1.00000000e+00]
[2.45594326e-19 1.00000000e+00]
[9.21656016e-04 9.99078344e-01]
[3.57344314e-20 1.00000000e+00]
[5.81050251e-218 1.00000000e+000]
[4.78402585e-205 1.00000000e+000]
[0.67941043 0.32058957]
[0.25719303 0.74280697]
[8.37156295e-04 9.99162844e-01]
[1.78604011e-240 1.00000000e+000]
[7.11920457e-206 1.00000000e+000]
[7.72814961e-217 1.00000000e+000]
[2.54117813e-215 1.00000000e+000]
[3.39475465e-16 1.00000000e+00]
[0.99847916 0.00152084]
[3.571172e-13 1.000000e+00]
[9.13099444e-211 1.00000000e+000]
[4.68297338e-221 1.00000000e+000]
[2.58163608e-210 1.00000000e+000]
[3.41235136e-213 1.00000000e+000]
[1.62374155e-10 1.00000000e+00]
[0.57306384 0.42693616]
[9.99999998e-01 1.86909660e-09]
[9.99999998e-01 1.94137134e-09]
[1.00000000e+00 1.45019527e-20]
[9.99916794e-01 8.32060876e-05]
[3.60769842e-227 1.00000000e+000]
[3.46186343e-222 1.00000000e+000]
[5.00311289e-215 1.00000000e+000]
[3.76206762e-217 1.00000000e+000]
[1.19323729e-233 1.00000000e+000]
[1.27513377e-239 1.00000000e+000]
[7.42476093e-16 1.00000000e+00]
[0.15600082 0.84399918]
[9.99999858e-01 1.42370175e-07]
[4.88189759e-04 9.99511810e-01]
[0.98665031 0.01334969]
[1.00000000e+00 7.61267417e-12]
[0.00373045 0.99626955]
[2.12222487e-05 9.99978778e-01]
[8.86291868e-06 9.99991137e-01]
[9.06864890e-04 9.99093135e-01]
[5.43074790e-06 9.99994569e-01]
[9.99999999e-01 6.72559829e-10]
[9.99998892e-01 1.10835136e-06]
[1.00000000e+00 2.69119591e-11]
[1.00000000e+00 2.83125488e-13]
[9.99999362e-01 6.37715209e-07]
[1.00000000e+00 7.64302022e-15]
[0.995545 0.004455]
[8.32481231e-204 1.00000000e+000]
[7.43399492e-203 1.00000000e+000]
[5.02093415e-239 1.00000000e+000]
[2.04794127e-205 1.00000000e+000]
[9.99638541e-01 3.61458834e-04]
[1.06480354e-201 1.00000000e+000]
[2.78605636e-226 1.00000000e+000]
[9.99999999e-01 6.94641412e-10]
[1.000000e+00 1.261987e-14]
[9.99926095e-01 7.39051955e-05]
[9.99426899e-01 5.73100592e-04]
[5.65151688e-205 1.00000000e+000]
[5.9453032e-207 1.0000000e+000]
[3.28007455e-238 1.00000000e+000]
[1.15484165e-205 1.00000000e+000]
[5.21508086e-213 1.00000000e+000]
[2.76322015e-194 1.00000000e+000]
[1.9667211e-228 1.0000000e+000]
[1.22406709e-236 1.00000000e+000]
[9.04027586e-225 1.00000000e+000]
[6.9363901e-209 1.0000000e+000]
[5.07598807e-192 1.00000000e+000]
[0.0024668 0.9975332]
[1.00000000e+00 5.50530587e-12]
[4.21729185e-218 1.00000000e+000]
[1.23939936e-232 1.00000000e+000]
[2.64675976e-245 1.00000000e+000]
[0.00209241 0.99790759]
[9.46722111e-06 9.99990533e-01]
[1.10443925e-227 1.00000000e+000]
[1.12797923e-224 1.00000000e+000]
[9.99999511e-01 4.89017623e-07]
[1.00000000e+00 9.77774671e-21]
[1.86729034e-203 1.00000000e+000]
[1.26136184e-213 1.00000000e+000]
[6.74211269e-223 1.00000000e+000]
[7.62502506e-225 1.00000000e+000]
[1.43682428e-207 1.00000000e+000]
[1.00000000e+00 1.44995662e-14]
[0.98695941 0.01304059]
[8.17401517e-05 9.99918260e-01]
[1.00000000e+00 3.64838916e-12]
[9.99999185e-01 8.14662972e-07]
[4.18866267e-09 9.99999996e-01]
[9.99999564e-01 4.35847415e-07]
[1.00000000e+00 4.87656839e-21]
[3.58121303e-17 1.00000000e+00]
[5.04125761e-229 1.00000000e+000]
[4.12392748e-225 1.00000000e+000]
[2.04683581e-236 1.00000000e+000]
[1.21821315e-218 1.00000000e+000]
[1.33901994e-218 1.00000000e+000]
[0.08792446 0.91207554]
[1.00000000e+00 1.35686249e-10]
[1.00000000e+00 1.29888625e-15]
[9.99995590e-01 4.41004139e-06]
[2.17592631e-19 1.00000000e+00]
[2.95124361e-16 1.00000000e+00]
[0.99775011 0.00224989]
[1.61053291e-06 9.99998389e-01]
[4.89370297e-08 9.99999951e-01]
[1.78456582e-213 1.00000000e+000]
[9.99996213e-01 3.78652842e-06]
[0.11414364 0.88585636]
[0.99870144 0.00129856]
[1.00000000e+00 1.06341139e-12]
[1.49790067e-06 9.99998502e-01]
[5.36266384e-06 9.99994637e-01]
[0.98253474 0.01746526]
[9.99702933e-01 2.97066503e-04]
[0.78394718 0.21605282]
[5.75367359e-202 1.00000000e+000]
[2.67833222e-218 1.00000000e+000]
[9.99957246e-01 4.27544692e-05]
[2.18054707e-213 1.00000000e+000]
[6.35946270e-07 9.99999364e-01]
[0.952136 0.047864]
[9.99999998e-01 1.65702943e-09]
[1.07569241e-07 9.99999892e-01]
[3.96228583e-27 1.00000000e+00]
[0.90877202 0.09122798]
[9.99627966e-01 3.72033748e-04]
[9.99981450e-01 1.85499946e-05]
[1.12051551e-232 1.00000000e+000]
[1.61052036e-221 1.00000000e+000]
[1.69700456e-195 1.00000000e+000]
[9.99932759e-01 6.72409370e-05]
[0.05295158 0.94704842]
[9.99980896e-01 1.91038182e-05]
[1.23324294e-12 1.00000000e+00]
[9.99868287e-01 1.31713477e-04]
[0.00442937 0.99557063]
[0.00431346 0.99568654]
[1.69544487e-05 9.99983046e-01]
[1.00000000e+00 1.54640172e-24]
[0.92674709 0.07325291]
[0.91984513 0.08015487]
[9.99986818e-01 1.31821482e-05]
[1.00000000e+00 3.04338878e-15]
[1.00000000e+00 4.13007281e-10]
[1.00000000e+00 3.84198424e-15]
[1.00000000e+00 2.79364259e-13]
[4.20896368e-200 1.00000000e+000]
[1.96000683e-17 1.00000000e+00]
[1.75721941e-08 9.99999982e-01]
[2.88608704e-191 1.00000000e+000]
[0.24932884 0.75067116]
[2.59925627e-211 1.00000000e+000]
[8.93894578e-208 1.00000000e+000]
[8.02728733e-245 1.00000000e+000]
[4.04637654e-04 9.99595362e-01]
[0.05717374 0.94282626]
[9.99999999e-01 5.01076528e-10]
[1.15651673e-218 1.00000000e+000]
[2.71034101e-213 1.00000000e+000]
[1.22449532e-202 1.00000000e+000]
[1.91211205e-206 1.00000000e+000]
[1.47168693e-234 1.00000000e+000]
[6.20006616e-206 1.00000000e+000]
[1.02118603e-196 1.00000000e+000]
[1.56005222e-204 1.00000000e+000]
[0.74424425 0.25575575]
[1.00000000e+00 4.77086514e-20]
[2.93678246e-200 1.00000000e+000]
[7.4502868e-185 1.0000000e+000]
[1.71641959e-06 9.99998284e-01]
[1.00000000e+00 4.36410685e-15]
[1.00000000e+00 1.64163686e-16]
[0.96584922 0.03415078]
[9.99939571e-01 6.04287015e-05]
[1.0000000e+00 5.7026142e-30]
[0.47276054 0.52723946]
[1.00000000e+00 7.31758807e-16]
[9.99980742e-01 1.92580416e-05]
[8.922269e-212 1.000000e+000]
[1.67336206e-227 1.00000000e+000]
[0.63527088 0.36472912]
[1.05979704e-12 1.00000000e+00]
[8.52902862e-215 1.00000000e+000]
[1.09945472e-222 1.00000000e+000]
[1.00000000e+00 2.34815575e-11]
[9.23546471e-13 1.00000000e+00]
[1.00000000e+00 2.29756022e-17]
[0.01836554 0.98163446]
[0.98061365 0.01938635]
[0.00689416 0.99310584]
[9.99999920e-01 7.97306184e-08]
[7.0449654e-210 1.0000000e+000]
[1.8922526e-222 1.0000000e+000]
[5.02388521e-231 1.00000000e+000]
[0.99764176 0.00235824]
[0.99735396 0.00264604]
[9.99990261e-01 9.73857842e-06]
[0.05140782 0.94859218]
[2.35617842e-18 1.00000000e+00]
[0.65357085 0.34642915]
[0.68593052 0.31406948]
[1.00000000e+00 2.66673624e-18]
[1.0958124e-21 1.0000000e+00]
[0.00313002 0.99686998]
[7.17834711e-11 1.00000000e+00]
[1.36664120e-06 9.99998633e-01]
[1.00000000e+00 1.45442615e-12]
[2.64951882e-05 9.99973505e-01]
[1.24888552e-19 1.00000000e+00]
[0.61874138 0.38125862]
[2.66584754e-215 1.00000000e+000]
[5.5123822e-208 1.0000000e+000]
[3.95538559e-234 1.00000000e+000]
[3.63824995e-201 1.00000000e+000]
[8.48955723e-213 1.00000000e+000]
[1.63792446e-225 1.00000000e+000]
[4.3405056e-206 1.0000000e+000]
[1.16867265e-228 1.00000000e+000]
[7.76232532e-06 9.99992238e-01]
[9.99999967e-01 3.30303549e-08]
[1.00000000e+00 2.80729956e-19]
[2.41344658e-08 9.99999976e-01]
[1.10021418e-07 9.99999890e-01]
[9.99902581e-01 9.74187379e-05]
[1.32405292e-230 1.00000000e+000]
[1.01329704e-221 1.00000000e+000]
[3.21827733e-204 1.00000000e+000]
[1.29327434e-211 1.00000000e+000]
[1.00000000e+00 1.47751477e-12]
[0.98094715 0.01905285]
[1.00000000e+00 3.13604234e-14]
[0.2551044 0.7448956]
[9.99878727e-01 1.21272573e-04]
[1.1430757e-15 1.0000000e+00]
[1.05557933e-12 1.00000000e+00]
[1.37063713e-06 9.99998629e-01]
[9.99996352e-01 3.64771772e-06]
[5.28372271e-13 1.00000000e+00]
[1.00000000e+00 2.22862933e-14]
[9.99999997e-01 3.14845736e-09]
[9.83725149e-11 1.00000000e+00]
[1.21638408e-251 1.00000000e+000]
[1.95790221e-217 1.00000000e+000]
[8.07804534e-220 1.00000000e+000]
[7.00425949e-242 1.00000000e+000]
[7.00314238e-208 1.00000000e+000]
[5.16030242e-219 1.00000000e+000]
[7.34593033e-212 1.00000000e+000]
[3.15825931e-215 1.00000000e+000]
[2.684383e-217 1.000000e+000]
[4.90872188e-214 1.00000000e+000]
[5.27035026e-208 1.00000000e+000]
[9.38727553e-238 1.00000000e+000]
[2.33062723e-212 1.00000000e+000]
[9.93270177e-210 1.00000000e+000]
[7.69516568e-213 1.00000000e+000]
[1.6904694e-195 1.0000000e+000]
[3.10272448e-223 1.00000000e+000]
[0.99429306 0.00570694]
[5.1594346e-15 1.0000000e+00]
[5.18075294e-08 9.99999948e-01]
[0.55927416 0.44072584]
[9.99993848e-01 6.15201451e-06]
[5.11517974e-224 1.00000000e+000]
[2.36008151e-207 1.00000000e+000]
[5.39022178e-256 1.00000000e+000]
[2.77681891e-224 1.00000000e+000]
[1.46195999e-209 1.00000000e+000]
[5.24392277e-229 1.00000000e+000]
[3.27321045e-230 1.00000000e+000]
[1.82762972e-198 1.00000000e+000]
[1.53348567e-222 1.00000000e+000]
[2.49704085e-208 1.00000000e+000]
[6.47888962e-213 1.00000000e+000]
[8.42375636e-220 1.00000000e+000]
[6.36217974e-227 1.00000000e+000]
[1.00000000e+00 1.10571942e-18]
[6.36443312e-15 1.00000000e+00]
[1.00000000e+00 1.87949715e-13]
[9.99983777e-01 1.62226823e-05]
[0.86421671 0.13578329]
[0.04106885 0.95893115]
[7.48989509e-12 1.00000000e+00]
[3.73035178e-222 1.00000000e+000]
[9.42616622e-231 1.00000000e+000]
[6.91505541e-235 1.00000000e+000]
[2.20066803e-202 1.00000000e+000]
[2.5463345e-204 1.0000000e+000]
[9.99989145e-01 1.08545194e-05]
[0.00551537 0.99448463]
[8.06035084e-212 1.00000000e+000]
[1.36493844e-06 9.99998635e-01]
[0.00251058 0.99748942]
[1.0000000e+00 5.3927641e-13]
[0.00381176 0.99618824]
[9.99301968e-01 6.98032276e-04]
[1.61661662e-12 1.00000000e+00]
[1.21947069e-207 1.00000000e+000]
[0.79174466 0.20825534]
[2.51561367e-09 9.99999997e-01]
[9.99856726e-01 1.43274174e-04]
[9.99999778e-01 2.21613526e-07]
[1.63013087e-09 9.99999998e-01]
[0.10789737 0.89210263]
[0.01005641 0.98994359]
[0.99861202 0.00138798]
[0.00292169 0.99707831]
[0.06462593 0.93537407]
[3.23144218e-227 1.00000000e+000]
[7.10386474e-216 1.00000000e+000]
[4.50060957e-233 1.00000000e+000]
[3.36620496e-226 1.00000000e+000]
[2.60709355e-211 1.00000000e+000]
[0.27151036 0.72848964]
[0.42507497 0.57492503]
[0.23661888 0.76338112]
[0.5017131 0.4982869]
[1.59759569e-08 9.99999984e-01]
[1.12995297e-213 1.00000000e+000]
[4.23609716e-225 1.00000000e+000]
[3.15407217e-241 1.00000000e+000]
[1.55357284e-234 1.00000000e+000]
[4.09906646e-239 1.00000000e+000]
[1.91182641e-223 1.00000000e+000]
[4.38020877e-236 1.00000000e+000]
[0.66783095 0.33216905]
[1.32220817e-13 1.00000000e+00]
[1.00000000e+00 5.26770893e-30]
[9.99998047e-01 1.95263678e-06]
[0.9882647 0.0117353]
[9.99644457e-01 3.55542837e-04]
[9.99970750e-01 2.92503356e-05]
[1.0000000e+00 4.7255921e-10]
[9.99824825e-01 1.75174725e-04]
[1.25406138e-07 9.99999875e-01]
[1.00000000e+00 1.18237304e-12]
[9.19518173e-18 1.00000000e+00]
[0.97892769 0.02107231]
[9.99961189e-01 3.88106793e-05]
[1.00000000e+00 5.34134901e-15]
[9.99405721e-01 5.94278672e-04]
[9.99929578e-01 7.04220970e-05]
[1.99988818e-05 9.99980001e-01]
[0.71898899 0.28101101]
[3.13272419e-224 1.00000000e+000]
[3.00994715e-230 1.00000000e+000]
[1.39313622e-210 1.00000000e+000]
[7.95612937e-234 1.00000000e+000]
[5.78640266e-06 9.99994214e-01]
[8.51844552e-213 1.00000000e+000]
[6.4025343e-201 1.0000000e+000]
[3.74584134e-227 1.00000000e+000]
[2.2484245e-215 1.0000000e+000]
[1.36911849e-233 1.00000000e+000]
[9.99351683e-01 6.48317022e-04]
[7.37838903e-04 9.99262161e-01]
[0.96440081 0.03559919]
[1.00000000e+00 4.98580605e-11]
[1.0000000e+00 9.6960746e-17]
[2.17552927e-11 1.00000000e+00]
[3.01359197e-13 1.00000000e+00]
[0.37260471 0.62739529]
[0.08601604 0.91398396]
[0.00419725 0.99580275]
[5.35327810e-05 9.99946467e-01]
[9.99999970e-01 3.00614147e-08]
[1.33091189e-206 1.00000000e+000]
[3.56897427e-224 1.00000000e+000]
[1.80656596e-222 1.00000000e+000]
[2.48611362e-210 1.00000000e+000]
[3.47941217e-199 1.00000000e+000]
[6.94465191e-208 1.00000000e+000]
[7.03704938e-213 1.00000000e+000]
[9.40371396e-223 1.00000000e+000]
[5.20077323e-220 1.00000000e+000]
[2.44732565e-199 1.00000000e+000]
[0.99774753 0.00225247]
[9.99999964e-01 3.60621879e-08]
[3.84747290e-08 9.99999962e-01]
[1.04688833e-11 1.00000000e+00]
[1.44875135e-09 9.99999999e-01]
[7.12131007e-221 1.00000000e+000]
[3.56530639e-200 1.00000000e+000]
[4.45430004e-205 1.00000000e+000]
[1.00000000e+00 2.26885249e-16]
[3.42661586e-211 1.00000000e+000]
[1.84124013e-226 1.00000000e+000]
[2.3774914e-218 1.0000000e+000]
[1.00000000e+00 8.31823899e-13]
[0.09831454 0.90168546]
[1.77163951e-06 9.99998228e-01]
[3.33724501e-236 1.00000000e+000]
[2.24376601e-224 1.00000000e+000]
[0. 0.]
